11344 11094 11096 0.000502
9281 9093 9096 0.000505
19530 18949 18950 0.000506
5795 5693 5726 0.000506
18194 17701 17707 0.000507
17671 17214 17215 0.000508
19326 18756 18766 0.000515
21428 20783 20785 0.000519
17231 16792 16852 0.000521
5870 5767 5768 0.000525
5162 5071 5072 0.000526
2701 2646 2647 0.000528
19440 18863 18864 0.000528
2188 2142 2143 0.000529
11299 11049 11050 0.000534
8364 8208 8209 0.000534
2556 2505 2506 0.000534
18170 17682 17698 0.000535
13916 13580 13581 0.00054
20141 19547 19549 0.00054
19329 18759 18767 0.000543
6787 6664 6665 0.000545
18574 18051 18056 0.000551
20735 20121 20124 0.000552
18645 18119 18127 0.000553
18682 18151 18152 0.000554
17292 16852 16853 0.000554
5047 4959 4960 0.000554
1277 1249 1250 0.000556
20312 19711 19720 0.000556
17880 17410 17411 0.000557
9625 9421 9429 0.000558
19179 18619 18620 0.000558
5049 4961 4962 0.000563
13120 12818 12819 0.000563
3993 3925 3926 0.000566
1128 1103 1104 0.000566
9308 9117 9118 0.000579
414 402 403 0.000581
12608 12322 12323 0.000583
13312 13000 13001 0.000587
18524 18003 18004 0.000587
18588 18063 18068 0.000589
13681 13353 13354 0.00059
18557 18036 18037 0.000593
6270 6162 6163 0.000594
17530 17077 17078 0.000594
6529 6414 6415 0.000595
8484 8326 8330 0.000596
7809 7666 7672 0.000597
10683 10454 10455 0.000599
16195 15778 15779 0.000602
17735 17273 17274 0.000607
6020 5915 5916 0.000607
18781 18243 18244 0.000609
16334 15913 16100 0.000611
10913 10678 10679 0.000612
9750 9541 9543 0.000613
9397 9198 9204 0.000616
20681 20067 20091 0.000618
6576 6459 6460 0.000619
8234 8083 8084 0.00062
16806 16375 16378 0.000624
17353 16907 16908 0.000631
3950 3883 3886 0.000635
19644 19062 19063 0.000636
8975 8796 8800 0.000638
13743 13412 13426 0.000638
4354 4278 4279 0.000641
3738 3672 3673 0.000642
6602 6485 6531 0.000644
11464 11211 11212 0.000645
10633 10405 10406 0.000646
3212 3154 3155 0.000648
2756 2700 2701 0.000649
21273 20630 20712 0.00065
19063 18506 18507 0.000656
591 577 578 0.000657
1068 1042 1043 0.000663
9232 9048 9049 0.000664
18593 18069 18070 0.00067
17322 16879 16882 0.00067
13248 12943 12944 0.000671
7353 7220 7251 0.000674
3180 3125 3126 0.000674
19538 18957 18958 0.000675
4815 4729 4730 0.000676
10617 10390 10391 0.000679
10073 9856 9857 0.000681
8258 8105 8107 0.000683
20955 20330 20332 0.000683
9196 9010 9012 0.000683
17393 16945 16947 0.000685
18828 18287 18288 0.000687
9658 9452 9453 0.000687
18389 17875 17877 0.000689
18514 17995 17996 0.000689
8028 7879 7880 0.0007
18476 17958 17959 0.000702
10254 10037 10038 0.000704